60.4, -104.616, 69.7, 60.4, -104.616, -69.7, 0., 0., -139.5, -60.4,
104.616, -69.7, -60.4, 104.616, 69.7, 0., 0., 139.5, 108.05,
-187.148, 124.7, 108.05, -187.148, -124.7, 0., 0., -249.5, -108.05,
187.148, -124.7, -108.05, 187.148, 124.7, 0., 0., 249.5, -60.4,
-104.616, 69.7, -60.4, -104.616, -69.7, 0., 0., -139.5, 60.4,
104.616, -69.7, 60.4, 104.616, 69.7, 0., 0., 139.5, -108.05,
-187.148, 124.7, -108.05, -187.148, -124.7, 0., 0., -249.5, 108.05,
187.148, -124.7, 108.05, 187.148, 124.7, 0., 0., 249.5, -120.8,
0.0000656114, 69.7, -120.8, 0.0000656114, -69.7, 0., 0., -139.5,
120.8, -0.0000656114, -69.7, 120.8, -0.0000656114, 69.7, 0., 0.,
139.5, -216.1, -0.0000448789, 124.7, -216.1, -0.0000448789, -124.7,
0., 0., -249.5, 216.1, 0.0000448789, -124.7, 216.1, 0.0000448789,
124.7, 0., 0., 249.5