219.5, 327., 64.8, 215.5, 328.1, -72.3, -390.2, 24.1, 80.2, -394.2, 25.1, -57., 176.7, -352.7, 60.7, 172.8, -351.6, -76.4, 231.2, -456.8,
130.6, 223., -454.6, -150.9, 285.1, 423.5, 135.9, 276.9, 425.8,
-145.6, -504., 29.9, 155.8, -512.1, 32.1, -125.7, 353.5, 518.8, 62.8,
349.5, 519.9, -75.1, -623.3, 44.2, 87.5, -627.3, 45.3, -50.4, 275.8,
-564.7, 56.6, 271.8, -563.6, -81.3, 194., -451.3, 214.9, 181.,
-447.8, -232.8, 302., 385.6, 218.3, 289., 389.1, -229.4, -476.5,
60.5, 238.4, -489.5, 64., -209.3, 321.5, -622.5, 102.8, 314.7,
-620.7, -131.1, 382.6, 585.6, 110.5, 375.8, 587.4, -123.4, -693.8,
34.2, 137.5, -700.6, 36., -96.4, -70.6, 137.5, 3.1, 154.3, -7.6,
-4.5, -83.7, -129.9, 1.4, 125.7, -236.9, 114.7, -262., 11.1, 127.9,
146.7, 223., 117.7, 118.7, -235.1, -125.5, -268.9, 13., -112.3,
139.7, 224.9, -122.5, 85., 134.4, -1.4, 73.8, -140.8, -3.2, -158.8,
6.4, 4.7